   0.00000000E+00   0.00000000E+00   0.00000000E+00   0.00000000E+00
   0.20000000E-02   0.60114620E-01   0.60114620E-01   0.00000000E+00
   0.40000000E-02   0.11139718E+00   0.11139718E+00   0.00000000E+00
   0.60000000E-02   0.15240866E+00   0.15240866E+00   0.00000000E+00
   0.80000000E-02   0.18467690E+00   0.18467690E+00   0.00000000E+00
   0.10000000E-01   0.22387696E+00   0.22387696E+00   0.00000000E+00
   0.12000000E-01   0.26227214E+00   0.26227214E+00   0.00000000E+00
   0.14000000E-01   0.29377479E+00   0.29377479E+00   0.00000000E+00
   0.16000000E-01   0.32475242E+00   0.32475242E+00   0.00000000E+00
   0.18000000E-01   0.35144851E+00   0.35144851E+00   0.00000000E+00
   0.20000000E-01   0.36803749E+00   0.36803749E+00   0.00000000E+00
   0.22000000E-01   0.37036432E+00   0.37036432E+00   0.00000000E+00
   0.24000000E-01   0.36907678E+00   0.36907678E+00   0.00000000E+00
   0.26000000E-01   0.35208394E+00   0.35208394E+00   0.00000000E+00
   0.28000000E-01   0.33104817E+00   0.33104817E+00   0.00000000E+00
   0.30000000E-01   0.30476904E+00   0.30476904E+00   0.00000000E+00
   0.32000000E-01   0.28705529E+00   0.28705529E+00   0.00000000E+00
   0.34000000E-01   0.27442796E+00   0.27442796E+00   0.00000000E+00
   0.36000000E-01   0.26338460E+00   0.26338460E+00   0.00000000E+00
   0.38000000E-01   0.25257534E+00   0.25257534E+00   0.00000000E+00
   0.40000000E-01   0.24066331E+00   0.24066331E+00   0.00000000E+00
   0.42000000E-01   0.22590154E+00   0.22590154E+00   0.00000000E+00
   0.44000000E-01   0.21625752E+00   0.21625752E+00   0.00000000E+00
   0.46000000E-01   0.20851481E+00   0.20851481E+00   0.00000000E+00
   0.48000000E-01   0.20149387E+00   0.20149387E+00   0.00000000E+00
   0.50000000E-01   0.19445967E+00   0.19445967E+00   0.00000000E+00
   0.52000000E-01   0.18684696E+00   0.18684696E+00   0.00000000E+00
   0.54000000E-01   0.17818442E+00   0.17818442E+00   0.00000000E+00
   0.56000000E-01   0.16798644E+00   0.16798644E+00   0.00000000E+00
   0.58000000E-01   0.15557819E+00   0.15557819E+00   0.00000000E+00
   0.60000000E-01   0.13998265E+00   0.13998265E+00   0.00000000E+00
   0.62000000E-01   0.12051367E+00   0.12051367E+00   0.00000000E+00
   0.64000000E-01   0.99218547E-01   0.99218547E-01   0.00000000E+00
   0.66000000E-01   0.77961114E-01   0.77961114E-01   0.00000000E+00
   0.68000000E-01   0.55583801E-01   0.55583801E-01   0.00000000E+00
   0.70000000E-01   0.32609540E-01   0.32609540E-01   0.00000000E+00
   0.72000000E-01   0.93448860E-02   0.93448860E-02   0.00000000E+00
   0.74000000E-01  -0.15332764E-01  -0.15332764E-01   0.00000000E+00
   0.76000000E-01  -0.42970024E-01  -0.42970024E-01   0.00000000E+00
   0.78000000E-01  -0.75180411E-01  -0.75180411E-01   0.00000000E+00
   0.80000000E-01  -0.11384834E+00  -0.11384834E+00   0.00000000E+00
   0.82000000E-01  -0.16164658E+00  -0.16164658E+00   0.00000000E+00
   0.84000000E-01  -0.21994116E+00  -0.21994116E+00   0.00000000E+00
   0.86000000E-01  -0.28164740E+00  -0.28164740E+00   0.00000000E+00
   0.88000000E-01  -0.34101046E+00  -0.34101046E+00   0.00000000E+00
   0.90000000E-01  -0.39740292E+00  -0.39740292E+00   0.00000000E+00
   0.92000000E-01  -0.45135821E+00  -0.45135821E+00   0.00000000E+00
   0.94000000E-01  -0.50345882E+00  -0.50345882E+00   0.00000000E+00
   0.96000000E-01  -0.55419202E+00  -0.55419202E+00   0.00000000E+00
   0.98000000E-01  -0.60396094E+00  -0.60396094E+00   0.00000000E+00
   0.10000000E+00  -0.65311387E+00  -0.65311387E+00   0.00000000E+00
   0.10200000E+00  -0.70197192E+00  -0.70197192E+00   0.00000000E+00
   0.10400000E+00  -0.75085376E+00  -0.75085376E+00   0.00000000E+00
   0.10600000E+00  -0.80010259E+00  -0.80010259E+00   0.00000000E+00
   0.10800000E+00  -0.85011263E+00  -0.85011263E+00   0.00000000E+00
   0.11000000E+00  -0.90138760E+00  -0.90138760E+00   0.00000000E+00
   0.11200000E+00  -0.95460305E+00  -0.95460305E+00   0.00000000E+00
   0.11400000E+00  -0.10107884E+01  -0.10107884E+01   0.00000000E+00
   0.11600000E+00  -0.10720286E+01  -0.10720286E+01   0.00000000E+00
   0.11800000E+00  -0.11445778E+01  -0.11445778E+01   0.00000000E+00
   0.12000000E+00  -0.12141404E+01  -0.12141404E+01   0.00000000E+00
   0.12200000E+00  -0.12871438E+01  -0.12871438E+01   0.00000000E+00
   0.12400000E+00  -0.13677258E+01  -0.13677258E+01   0.00000000E+00
   0.12600000E+00  -0.14514827E+01  -0.14514827E+01   0.00000000E+00
   0.12800000E+00  -0.15346637E+01  -0.15346637E+01   0.00000000E+00
   0.13000000E+00  -0.16203091E+01  -0.16203091E+01   0.00000000E+00
   0.13200000E+00  -0.17103124E+01  -0.17103124E+01   0.00000000E+00
   0.13400000E+00  -0.17858504E+01  -0.17858504E+01   0.00000000E+00
   0.13600000E+00  -0.18641717E+01  -0.18641717E+01   0.00000000E+00
   0.13800000E+00  -0.19306324E+01  -0.19306324E+01   0.00000000E+00
   0.14000000E+00  -0.19916314E+01  -0.19916314E+01   0.00000000E+00
   0.14200000E+00  -0.20489875E+01  -0.20489875E+01   0.00000000E+00
   0.14400000E+00  -0.21037718E+01  -0.21037718E+01   0.00000000E+00
   0.14600000E+00  -0.21567376E+01  -0.21567376E+01   0.00000000E+00
   0.14800000E+00  -0.22084478E+01  -0.22084478E+01   0.00000000E+00
   0.15000000E+00  -0.22593657E+01  -0.22593657E+01   0.00000000E+00
   0.15200000E+00  -0.23099125E+01  -0.23099125E+01   0.00000000E+00
   0.15400000E+00  -0.23604957E+01  -0.23604957E+01   0.00000000E+00
   0.15600000E+00  -0.24115469E+01  -0.24115469E+01   0.00000000E+00
   0.15800000E+00  -0.24635996E+01  -0.24635996E+01   0.00000000E+00
   0.16000000E+00  -0.25173270E+01  -0.25173270E+01   0.00000000E+00
   0.16200000E+00  -0.25737077E+01  -0.25737077E+01   0.00000000E+00
   0.16400000E+00  -0.26345343E+01  -0.26345343E+01   0.00000000E+00
   0.16600000E+00  -0.27065811E+01  -0.27065811E+01   0.00000000E+00
   0.16800000E+00  -0.27771950E+01  -0.27771950E+01   0.00000000E+00
   0.17000000E+00  -0.28502564E+01  -0.28502564E+01   0.00000000E+00
   0.17200000E+00  -0.29307267E+01  -0.29307267E+01   0.00000000E+00
   0.17400000E+00  -0.30146266E+01  -0.30146266E+01   0.00000000E+00
   0.17600000E+00  -0.30978536E+01  -0.30978536E+01   0.00000000E+00
   0.17800000E+00  -0.31828520E+01  -0.31828520E+01   0.00000000E+00
   0.18000000E+00  -0.32740563E+01  -0.32740563E+01   0.00000000E+00
   0.18200000E+00  -0.33497255E+01  -0.33497255E+01   0.00000000E+00
   0.18400000E+00  -0.34285986E+01  -0.34285986E+01   0.00000000E+00
   0.18600000E+00  -0.34957896E+01  -0.34957896E+01   0.00000000E+00
   0.18800000E+00  -0.35572229E+01  -0.35572229E+01   0.00000000E+00
   0.19000000E+00  -0.36148813E+01  -0.36148813E+01   0.00000000E+00
   0.19200000E+00  -0.36698830E+01  -0.36698830E+01   0.00000000E+00
   0.19400000E+00  -0.37230024E+01  -0.37230024E+01   0.00000000E+00
   0.19600000E+00  -0.37748175E+01  -0.37748175E+01   0.00000000E+00
   0.19800000E+00  -0.38258035E+01  -0.38258035E+01   0.00000000E+00
   0.20000000E+00  -0.38763777E+01  -0.38763777E+01   0.00000000E+00
   0.20200000E+00  -0.39269463E+01  -0.39269463E+01   0.00000000E+00
   0.20400000E+00  -0.39779522E+01  -0.39779522E+01   0.00000000E+00
   0.20600000E+00  -0.40299180E+01  -0.40299180E+01   0.00000000E+00
   0.20800000E+00  -0.40834484E+01  -0.40834484E+01   0.00000000E+00
   0.21000000E+00  -0.41395567E+01  -0.41395567E+01   0.00000000E+00
   0.21200000E+00  -0.41998984E+01  -0.41998984E+01   0.00000000E+00
   0.21400000E+00  -0.42710567E+01  -0.42710567E+01   0.00000000E+00
   0.21600000E+00  -0.43420196E+01  -0.43420196E+01   0.00000000E+00
   0.21800000E+00  -0.44145962E+01  -0.44145962E+01   0.00000000E+00
   0.22000000E+00  -0.44944697E+01  -0.44944697E+01   0.00000000E+00
   0.22200000E+00  -0.45783349E+01  -0.45783349E+01   0.00000000E+00
   0.22400000E+00  -0.46616091E+01  -0.46616091E+01   0.00000000E+00
   0.22600000E+00  -0.47461721E+01  -0.47461721E+01   0.00000000E+00
   0.22800000E+00  -0.48381459E+01  -0.48381459E+01   0.00000000E+00
   0.23000000E+00  -0.49141119E+01  -0.49141119E+01   0.00000000E+00
   0.23200000E+00  -0.49932846E+01  -0.49932846E+01   0.00000000E+00
   0.23400000E+00  -0.50611645E+01  -0.50611645E+01   0.00000000E+00
   0.23600000E+00  -0.51229880E+01  -0.51229880E+01   0.00000000E+00
   0.23800000E+00  -0.51809167E+01  -0.51809167E+01   0.00000000E+00
   0.24000000E+00  -0.52361112E+01  -0.52361112E+01   0.00000000E+00
   0.24200000E+00  -0.52893649E+01  -0.52893649E+01   0.00000000E+00
   0.24400000E+00  -0.53412731E+01  -0.53412731E+01   0.00000000E+00
   0.24600000E+00  -0.53923128E+01  -0.53923128E+01   0.00000000E+00
   0.24800000E+00  -0.54429037E+01  -0.54429037E+01   0.00000000E+00
   0.25000000E+00  -0.54934601E+01  -0.54934601E+01   0.00000000E+00
   0.25200000E+00  -0.55444106E+01  -0.55444106E+01   0.00000000E+00
   0.25400000E+00  -0.55962579E+01  -0.55962579E+01   0.00000000E+00
   0.25600000E+00  -0.56496510E+01  -0.56496510E+01   0.00000000E+00
   0.25800000E+00  -0.57054904E+01  -0.57054904E+01   0.00000000E+00
   0.26000000E+00  -0.57653497E+01  -0.57653497E+01   0.00000000E+00
   0.26200000E+00  -0.58354192E+01  -0.58354192E+01   0.00000000E+00
   0.26400000E+00  -0.59068811E+01  -0.59068811E+01   0.00000000E+00
   0.26600000E+00  -0.59790129E+01  -0.59790129E+01   0.00000000E+00
   0.26800000E+00  -0.60582492E+01  -0.60582492E+01   0.00000000E+00
   0.27000000E+00  -0.61420500E+01  -0.61420500E+01   0.00000000E+00
   0.27200000E+00  -0.62253785E+01  -0.62253785E+01   0.00000000E+00
   0.27400000E+00  -0.63095807E+01  -0.63095807E+01   0.00000000E+00
   0.27600000E+00  -0.64021279E+01  -0.64021279E+01   0.00000000E+00
   0.27800000E+00  -0.64785527E+01  -0.64785527E+01   0.00000000E+00
   0.28000000E+00  -0.65578682E+01  -0.65578682E+01   0.00000000E+00
   0.28200000E+00  -0.66265031E+01  -0.66265031E+01   0.00000000E+00
   0.28400000E+00  -0.66887283E+01  -0.66887283E+01   0.00000000E+00
   0.28600000E+00  -0.67469342E+01  -0.67469342E+01   0.00000000E+00
   0.28800000E+00  -0.68023254E+01  -0.68023254E+01   0.00000000E+00
   0.29000000E+00  -0.68557178E+01  -0.68557178E+01   0.00000000E+00
   0.29200000E+00  -0.69077197E+01  -0.69077197E+01   0.00000000E+00
   0.29400000E+00  -0.69588167E+01  -0.69588167E+01   0.00000000E+00
   0.29600000E+00  -0.70094293E+01  -0.70094293E+01   0.00000000E+00
   0.29800000E+00  -0.70599718E+01  -0.70599718E+01   0.00000000E+00
   0.30000000E+00  -0.71108744E+01  -0.71108744E+01   0.00000000E+00
   0.30200000E+00  -0.71626212E+01  -0.71626212E+01   0.00000000E+00
   0.30400000E+00  -0.72158457E+01  -0.72158457E+01   0.00000000E+00
   0.30600000E+00  -0.72714410E+01  -0.72714410E+01   0.00000000E+00
   0.30800000E+00  -0.73308583E+01  -0.73308583E+01   0.00000000E+00
   0.31000000E+00  -0.73996721E+01  -0.73996721E+01   0.00000000E+00
   0.31200000E+00  -0.74717513E+01  -0.74717513E+01   0.00000000E+00
   0.31400000E+00  -0.75434765E+01  -0.75434765E+01   0.00000000E+00
   0.31600000E+00  -0.76220579E+01  -0.76220579E+01   0.00000000E+00
   0.31800000E+00  -0.77057466E+01  -0.77057466E+01   0.00000000E+00
   0.32000000E+00  -0.77891428E+01  -0.77891428E+01   0.00000000E+00
   0.32200000E+00  -0.78730649E+01  -0.78730649E+01   0.00000000E+00
   0.32400000E+00  -0.79659106E+01  -0.79659106E+01   0.00000000E+00
   0.32600000E+00  -0.80429740E+01  -0.80429740E+01   0.00000000E+00
   0.32800000E+00  -0.81222685E+01  -0.81222685E+01   0.00000000E+00
   0.33000000E+00  -0.81917519E+01  -0.81917519E+01   0.00000000E+00
   0.33200000E+00  -0.82543931E+01  -0.82543931E+01   0.00000000E+00
   0.33400000E+00  -0.83128849E+01  -0.83128849E+01   0.00000000E+00
   0.33600000E+00  -0.83684782E+01  -0.83684782E+01   0.00000000E+00
   0.33800000E+00  -0.84220136E+01  -0.84220136E+01   0.00000000E+00
   0.34000000E+00  -0.84741143E+01  -0.84741143E+01   0.00000000E+00
   0.34200000E+00  -0.85252686E+01  -0.85252686E+01   0.00000000E+00
   0.34400000E+00  -0.85759048E+01  -0.85759048E+01   0.00000000E+00
   0.34600000E+00  -0.86264380E+01  -0.86264380E+01   0.00000000E+00
   0.34800000E+00  -0.86772919E+01  -0.86772919E+01   0.00000000E+00
   0.35000000E+00  -0.87289405E+01  -0.87289405E+01   0.00000000E+00
   0.35200000E+00  -0.87820112E+01  -0.87820112E+01   0.00000000E+00
   0.35400000E+00  -0.88373581E+01  -0.88373581E+01   0.00000000E+00
   0.35600000E+00  -0.88963549E+01  -0.88963549E+01   0.00000000E+00
   0.35800000E+00  -0.89638077E+01  -0.89638077E+01   0.00000000E+00
   0.36000000E+00  -0.90365661E+01  -0.90365661E+01   0.00000000E+00
   0.36200000E+00  -0.91079283E+01  -0.91079283E+01   0.00000000E+00
   0.36400000E+00  -0.91858261E+01  -0.91858261E+01   0.00000000E+00
   0.36600000E+00  -0.92693627E+01  -0.92693627E+01   0.00000000E+00
   0.36800000E+00  -0.93528350E+01  -0.93528350E+01   0.00000000E+00
   0.37000000E+00  -0.94365338E+01  -0.94365338E+01   0.00000000E+00
   0.37200000E+00  -0.95295494E+01  -0.95295494E+01   0.00000000E+00
   0.37400000E+00  -0.96074904E+01  -0.96074904E+01   0.00000000E+00
   0.37600000E+00  -0.96865750E+01  -0.96865750E+01   0.00000000E+00
   0.37800000E+00  -0.97570558E+01  -0.97570558E+01   0.00000000E+00
   0.38000000E+00  -0.98201356E+01  -0.98201356E+01   0.00000000E+00
   0.38200000E+00  -0.98789279E+01  -0.98789279E+01   0.00000000E+00
   0.38400000E+00  -0.99347323E+01  -0.99347323E+01   0.00000000E+00
   0.38600000E+00  -0.99884203E+01  -0.99884203E+01   0.00000000E+00
   0.38800000E+00  -0.10040623E+02  -0.10040623E+02   0.00000000E+00
   0.39000000E+00  -0.10091842E+02  -0.10091842E+02   0.00000000E+00
   0.39200000E+00  -0.10142514E+02  -0.10142514E+02   0.00000000E+00
   0.39400000E+00  -0.10193043E+02  -0.10193043E+02   0.00000000E+00
   0.39600000E+00  -0.10243845E+02  -0.10243845E+02   0.00000000E+00
   0.39800000E+00  -0.10295414E+02  -0.10295414E+02   0.00000000E+00
   0.40000000E+00  -0.10348345E+02  -0.10348345E+02   0.00000000E+00
   0.40200000E+00  -0.10403459E+02  -0.10403459E+02   0.00000000E+00
   0.40400000E+00  -0.10462075E+02  -0.10462075E+02   0.00000000E+00
   0.40600000E+00  -0.10528272E+02  -0.10528272E+02   0.00000000E+00
   0.40800000E+00  -0.10601581E+02  -0.10601581E+02   0.00000000E+00
   0.41000000E+00  -0.10672637E+02  -0.10672637E+02   0.00000000E+00
   0.41200000E+00  -0.10749881E+02  -0.10749881E+02   0.00000000E+00
   0.41400000E+00  -0.10833213E+02  -0.10833213E+02   0.00000000E+00
   0.41600000E+00  -0.10916764E+02  -0.10916764E+02   0.00000000E+00
   0.41800000E+00  -0.11077200E+02  -0.11077200E+02   0.00000000E+00
